0,478,305920
100,478,305920
200,477,305280
300,476,304640
400,476,304640
500,475,304000
600,474,303360
700,473,302720
800,473,302720
900,472,302080
1000,471,301440
1100,470,300800
1200,470,300800
1300,469,300160
1400,468,299520
1500,468,299520
1600,467,298880
1700,466,298240
1800,465,297600
1900,465,297600
2000,464,296960
2100,463,296320
2200,462,295680
2300,462,295680
2400,461,295040
2500,460,294400
2600,459,293760
2700,459,293760
2800,458,293120
2900,457,292480
3000,457,292480
3100,456,291840
3200,455,291200
3300,454,290560
3400,454,290560
3500,453,289920
3600,452,289280
3700,451,288640
3800,451,288640
3900,450,288000
4000,449,287360
4100,449,287360
4200,448,286720
4300,447,286080
4400,446,285440
4500,446,285440
4600,445,284800
4700,444,284160
4800,443,283520
4900,443,283520
5000,442,282880
5100,441,282240
5200,440,281600
5300,440,281600
5400,439,280960
5500,438,280320
5600,438,280320
5700,437,279680
5800,436,279040
5900,435,278400
6000,435,278400
6100,434,277760
6200,433,277120
6300,432,276480
6400,432,276480
6500,431,275840
6600,430,275200
6700,430,275200
6800,429,274560
6900,428,273920
7000,427,273280
7100,427,273280
7200,426,272640
7300,425,272000
7400,424,271360
7500,424,271360
7600,423,270720
7700,422,270080
7800,421,269440
7900,421,269440
8000,420,268800
8100,419,268160
8200,419,268160
8300,418,267520
8400,417,266880
8500,416,266240
8600,416,266240
8700,415,265600
8800,414,264960
8900,413,264320
9000,413,264320
9100,412,263680
9200,411,263040
9300,411,263040
9400,410,262400
9500,409,261760
9600,408,261120
9700,408,261120
9800,407,260480
9900,406,259840
10000,405,259200
10100,405,259200
10200,404,258560
10300,403,257920
10400,402,257280
10500,402,257280
10600,401,256640
10700,400,256000
10800,400,256000
10900,399,255360
11000,398,254720
11100,397,254080
11200,397,254080
11300,396,253440
11400,395,252800
11500,394,252160
11600,394,252160
11700,393,251520
11800,392,250880
11900,392,250880
12000,391,250240
12100,390,249600
12200,389,248960
12300,389,248960
12400,388,248320
12500,387,247680
12600,386,247040
12700,386,247040
12800,385,246400
12900,384,245760
13000,383,245120
13100,383,245120
13200,382,244480
13300,381,243840
13400,381,243840
13500,380,243200
13600,379,242560
13700,378,241920
13800,378,241920
13900,377,241280
14000,376,240640
14100,375,240000
14200,375,240000
14300,374,239360
14400,373,238720
14500,373,238720
14600,372,238080
14700,371,237440
14800,370,236800
14900,370,236800
15000,369,236160
15100,368,235520
15200,367,234880
15300,367,234880
15400,366,234240
15500,365,233600
15600,364,232960
15700,364,232960
15800,363,232320
15900,362,231680
16000,362,231680
16100,361,231040
16200,360,230400
16300,359,229760
16400,359,229760
16500,358,229120
16600,357,228480
16700,356,227840
16800,356,227840
16900,355,227200
17000,354,226560
17100,354,226560
17200,353,225920
17300,352,225280
17400,351,224640
17500,351,224640
17600,350,224000
17700,349,223360
17800,348,222720
17900,348,222720
18000,347,222080
18100,346,221440
18200,345,220800
18300,345,220800
18400,344,220160
18500,343,219520
18600,343,219520
18700,342,218880
18800,341,218240
18900,340,217600
19000,340,217600
19100,339,216960
19200,338,216320
19300,337,215680
19400,337,215680
19500,336,215040
19600,335,214400
19700,335,214400
19800,334,213760
19900,333,213120
20000,332,212480
20100,332,212480
20200,331,211840
20300,330,211200
20400,329,210560
20500,329,210560
20600,328,209920
20700,327,209280
20800,326,208640
20900,326,208640
21000,325,208000
21100,324,207360
21200,324,207360
21300,323,206720
21400,322,206080
21500,321,205440
21600,321,205440
21700,320,204800
21800,319,204160
21900,318,203520
22000,318,203520
22100,317,202880
22200,316,202240
22300,316,202240
22400,315,201600
22500,314,200960
22600,313,200320
22700,313,200320
22800,312,199680
22900,311,199040
23000,310,198400
23100,310,198400
23200,309,197760
23300,308,197120
23400,307,196480
23500,307,196480
23600,306,195840
23700,305,195200
23800,305,195200
23900,304,194560
24000,303,193920
24100,302,193280
24200,302,193280
24300,301,192640
24400,300,192000
24500,299,191360
24600,299,191360
24700,298,190720
24800,297,190080
24900,296,189440
25000,296,189440
25100,295,188800
25200,294,188160
25300,294,188160
25400,293,187520
25500,292,186880
25600,291,186240
25700,291,186240
25800,290,185600
25900,289,184960
26000,288,184320
26100,288,184320
26200,287,183680
26300,286,183040
26400,286,183040
26500,285,182400
26600,284,181760
26700,283,181120
26800,283,181120
26900,282,180480
27000,281,179840
27100,280,179200
27200,280,179200
27300,279,178560
27400,278,177920
27500,277,177280
27600,277,177280
27700,276,176640
27800,275,176000
27900,275,176000
28000,274,175360
28100,273,174720
28200,272,174080
28300,272,174080
28400,271,173440
28500,270,172800
28600,269,172160
28700,269,172160
28800,268,171520
28900,267,170880
29000,267,170880
29100,266,170240
29200,265,169600
29300,264,168960
29400,264,168960
29500,263,168320
29600,262,167680
29700,261,167040
29800,261,167040
29900,260,166400
30000,259,165760
30100,258,165120
30200,258,165120
30300,257,164480
30400,256,163840
30500,256,163840
30600,255,163200
30700,254,162560
30800,253,161920
30900,253,161920
31000,252,161280
31100,251,160640
31200,250,160000
31300,250,160000
31400,249,159360
31500,248,158720
31600,248,158720
31700,247,158080
31800,246,157440
31900,245,156800
32000,245,156800
32100,244,156160
32200,243,155520
32300,242,154880
32400,242,154880
32500,241,154240
32600,240,153600
32700,239,152960
32800,239,152960
32900,238,152320
33000,237,151680
33100,237,151680
33200,236,151040
33300,235,150400
33400,234,149760
33500,234,149760
33600,233,149120
33700,232,148480
33800,231,147840
33900,231,147840
34000,230,147200
34100,229,146560
34200,229,146560
34300,228,145920
34400,227,145280
34500,226,144640
34600,226,144640
34700,225,144000
34800,224,143360
34900,223,142720
35000,223,142720
35100,222,142080
35200,221,141440
35300,220,140800
35400,220,140800
35500,219,140160
35600,218,139520
35700,218,139520
35800,217,138880
35900,216,138240
36000,215,137600
36100,215,137600
36200,214,136960
36300,213,136320
36400,212,135680
36500,212,135680
36600,211,135040
36700,210,134400
36800,210,134400
36900,209,133760
37000,208,133120
37100,207,132480
37200,207,132480
37300,206,131840
37400,205,131200
37500,204,130560
37600,204,130560
37700,203,129920
37800,202,129280
37900,201,128640
38000,201,128640
38100,200,128000
38200,199,127360
38300,199,127360
38400,198,126720
38500,197,126080
38600,196,125440
38700,196,125440
38800,195,124800
38900,194,124160
39000,193,123520
39100,193,123520
39200,192,122880
39300,191,122240
39400,191,122240
39500,190,121600
39600,189,120960
39700,188,120320
39800,188,120320
39900,187,119680
40000,186,119040
40100,185,118400
40200,185,118400
40300,184,117760
40400,183,117120
40500,182,116480
40600,182,116480
40700,181,115840
40800,180,115200
40900,180,115200
41000,179,114560
41100,178,113920
41200,177,113280
41300,177,113280
41400,176,112640
41500,175,112000
41600,174,111360
41700,174,111360
41800,173,110720
41900,172,110080
42000,172,110080
42100,171,109440
42200,170,108800
42300,169,108160
42400,169,108160
42500,168,107520
42600,167,106880
42700,166,106240
42800,166,106240
42900,165,105600
43000,164,104960
43100,163,104320
43200,163,104320
43300,162,103680
43400,161,103040
43500,161,103040
43600,160,102400
43700,159,101760
43800,158,101120
43900,158,101120
44000,157,100480
44100,156,99840
44200,155,99200
44300,155,99200
44400,154,98560
44500,153,97920
44600,153,97920
44700,152,97280
44800,151,96640
44900,150,96000
45000,150,96000
45100,149,95360
45200,148,94720
45300,147,94080
45400,147,94080
45500,146,93440
45600,145,92800
45700,144,92160
45800,144,92160
45900,143,91520
46000,142,90880
46100,142,90880
46200,141,90240
46300,140,89600
46400,139,88960
46500,139,88960
46600,138,88320
46700,137,87680
46800,136,87040
46900,136,87040
47000,135,86400
47100,134,85760
47200,134,85760
47300,133,85120
47400,132,84480
47500,131,83840
47600,131,83840
47700,130,83200
47800,129,82560
47900,128,81920
48000,128,81920
48100,127,81280
48200,126,80640
48300,125,80000
48400,125,80000
48500,124,79360
48600,123,78720
48700,123,78720
48800,122,78080
48900,121,77440
49000,120,76800
49100,120,76800
49200,119,76160
49300,118,75520
49400,117,74880
49500,117,74880
49600,116,74240
49700,115,73600
49800,115,73600
49900,114,72960
50000,113,72320
50100,112,71680
50200,112,71680
50300,111,71040
50400,110,70400
50500,109,69760
50600,109,69760
50700,108,69120
50800,107,68480
50900,106,67840
51000,106,67840
51100,105,67200
51200,104,66560
51300,104,66560
51400,103,65920
51500,102,65280
51600,101,64640
51700,101,64640
51800,100,64000
51900,99,63360
52000,98,62720
52100,98,62720
52200,97,62080
52300,96,61440
52400,96,61440
52500,95,60800
52600,94,60160
52700,93,59520
52800,93,59520
52900,92,58880
53000,91,58240
53100,90,57600
53200,90,57600
53300,89,56960
53400,88,56320
53500,87,55680
53600,87,55680
53700,86,55040
53800,85,54400
53900,85,54400
54000,84,53760
54100,83,53120
54200,82,52480
54300,82,52480
54400,81,51840
54500,80,51200
54600,79,50560
54700,79,50560
54800,78,49920
54900,77,49280
55000,76,48640
55100,76,48640
55200,75,48000
55300,74,47360
55400,74,47360
55500,73,46720
55600,72,46080
55700,71,45440
55800,71,45440
55900,70,44800
56000,69,44160
56100,68,43520
56200,68,43520
56300,67,42880
56400,66,42240
56500,66,42240
56600,65,41600
56700,64,40960
56800,63,40320
56900,63,40320
57000,62,39680
57100,61,39040
57200,60,38400
57300,60,38400
57400,59,37760
57500,58,37120
57600,57,36480
57700,57,36480
57800,56,35840
57900,55,35200
58000,55,35200
58100,54,34560
58200,53,33920
58300,52,33280
58400,52,33280
58500,51,32640
58600,50,32000
58700,49,31360
58800,49,31360
58900,48,30720
59000,47,30080
59100,47,30080
59200,46,29440
59300,45,28800
59400,44,28160
59500,44,28160
59600,43,27520
59700,42,26880
59800,41,26240
59900,41,26240
60000,40,25600
60100,39,24960
60200,38,24320
60300,38,24320
60400,37,23680
60500,36,23040
60600,36,23040
60700,35,22400
60800,34,21760
60900,33,21120
61000,33,21120
61100,32,20480
61200,31,19840
61300,30,19200
61400,30,19200
61500,29,18560
61600,28,17920
61700,28,17920
61800,27,17280
61900,26,16640
62000,25,16000
62100,25,16000
62200,24,15360
62300,23,14720
62400,22,14080
62500,22,14080
62600,21,13440
62700,20,12800
62800,19,12160
62900,19,12160
63000,18,11520
63100,17,10880
63200,17,10880
63300,16,10240
63400,15,9600
63500,14,8960
63600,14,8960
63700,13,8320
63800,12,7680
63900,11,7040
64000,11,7040
64100,10,6400
64200,9,5760
64300,9,5760
64400,8,5120
64500,7,4480
64600,6,3840
64700,6,3840
64800,5,3200
64900,4,2560
65000,3,1920
65100,3,1920
65200,2,1280
65300,1,640
65400,0,0
65500,0,0
